0.000000000000000000e+00
2.693358435739659842e-02
5.384762706419343042e-02
8.072260064822697756e-02
1.075390059839189533e-01
1.342773864398586203e-01
1.609183419955534100e-01
1.874425433171053035e-01
2.138307457816009394e-01
2.400638034400394416e-01
2.661226829086676404e-01
2.919884771786432354e-01
3.176424193340072755e-01
3.430658961680119190e-01
3.682404616879244030e-01
3.931478504985095324e-01
4.177699910544789286e-01
4.420890187722935072e-01
4.660872889918039608e-01
4.897473897783266028e-01
5.130521545558651697e-01
5.359846745623123576e-01
5.585283111175954884e-01
5.806667076958630380e-01
6.023838017929554756e-01
6.236638365805482476e-01
6.444913723385115034e-01
6.648512976571927524e-01
6.847288404014933993e-01
7.041095784287852988e-01
7.229794500528898826e-01
7.413247642465289333e-01
7.591322105748431470e-01
7.763888688527726956e-01
7.930822185192919482e-01
8.092001477216971272e-01
8.247309621033555027e-01
8.396633932885418927e-01
8.539866070582025070e-01
8.676902112107187648e-01
8.807642631019646506e-01
8.931992768591875409e-01
9.049862302634797961e-01
9.161165712958450058e-01
9.265822243421121263e-01
9.363755960521941146e-01
9.454895808494394593e-01
9.539175660860801376e-01
9.616534368410362132e-01
9.686915803565930849e-01
9.750268901107361774e-01
9.806547695221856653e-01
9.855711352854440443e-01
9.897724203334363757e-01
9.932555764255950326e-01
9.960180763595082309e-01
9.980579158045318477e-01
9.993736147560297045e-01
9.999642186091908247e-01
9.998292988516424007e-01
9.989689533743568717e-01
9.973838064006267379e-01
9.950750080331604019e-01
9.920442334196246659e-01
9.882936815372430628e-01
9.838260735973282101e-01
9.786446510709080338e-01
9.727531733368784961e-01
9.661559149543872405e-01
9.588576625614292359e-01
9.508637114019037329e-01
9.421798614836520702e-01
9.328124133702649923e-01
9.227681636097103679e-01
9.120543998031023225e-01
9.006788953171834811e-01
8.886499036443641364e-01
8.759761524144021871e-01
8.626668370620768078e-01
8.487316141554441806e-01
8.341805943895178599e-01
8.190243352504599228e-01
8.032738333555996535e-01
7.869405164748438652e-01
7.700362352392632337e-01
7.525732545428706066e-01
7.345642446438342965e-01
7.160222719715768624e-01
6.969607896464320440e-01
6.773936277187404542e-01
6.573349831344620364e-01
6.367994094345867939e-01
6.158018061958213663e-01
5.943574082202065512e-01
5.724817744815121623e-01
5.501907768364322493e-01
5.275005885087654667e-01
5.044276723549381281e-01
4.809887689193880211e-01
4.572008842884686675e-01
4.330812777516891976e-01
4.086474492792467328e-01
3.839171268249289004e-01
3.589082534636053867e-01
3.336389743726358992e-01
3.081276236666471435e-01
2.823927110952222930e-01
2.564529086131592250e-01
2.303270368330438966e-01
2.040340513699618608e-01
1.775930290882584972e-01
1.510231542603308608e-01
1.243437046474857866e-01
9.757403751296700456e-02
7.073357557730387823e-02
4.384179292616336571e-02
1.691820088093427821e-02
-1.001766615770098741e-02
-3.694626488294382866e-02
-6.384805726151863980e-02
-9.070352470948184198e-02
-1.174931822539234255e-01
-1.441975926702820099e-01
-1.707973805850122317e-01
-1.972732465333799368e-01
-2.236059809621819272e-01
-2.497764781672260903e-01
-2.757657501554701684e-01
-3.015549404217491292e-01
-3.271253376301056504e-01
-3.524583891897932197e-01
-3.775357147160978144e-01
-4.023391193662194665e-01
-4.268506070405338471e-01
-4.510523934396522550e-01
-4.749269189678136383e-01
-4.984568614732429181e-01
-5.216251488162284566e-01
-5.444149712558070675e-01
-5.668097936460649855e-01
-5.887933674332043177e-01
-6.103497424446749919e-01
-6.314632784618167127e-01
-6.521186565676111435e-01
-6.723008902613161197e-01
-6.919953363319162332e-01
-7.111877054824962130e-01
-7.298640726978350424e-01
-7.480108873476960518e-01
-7.656149830184785232e-01
-7.826635870661052818e-01
-7.991443298832078268e-01
-8.150452538738920394e-01
-8.303548221295632414e-01
-8.450619267995279627e-01
-8.591558971502891717e-01
-8.726265073076928669e-01
-8.854639836763058547e-01
-8.976590120306457976e-01
-9.092027442731105413e-01
-9.200868048537137467e-01
-9.303032968469606701e-01
-9.398448076814592822e-01
-9.487044145181091626e-01
-9.568756892729626262e-01
-9.643527032811193278e-01
-9.711300315982669407e-01
-9.772027569367464084e-01
-9.825664732332879403e-01
-9.872172888458293771e-01
-9.911518293770938959e-01
-9.943672401228834667e-01
-9.968611881433081523e-01
-9.986318639554493393e-01
-9.996779828462294404e-01
-9.999987858045354949e-01
-9.995940400719180996e-01
-9.984640393114705414e-01
-9.966096033947605681e-01
-9.940320778069736685e-01
-9.907333326706967425e-01
-9.867157613890510381e-01
-9.819822789091599002e-01
-9.765363196072103236e-01
-9.703818347966420843e-01
-9.635232898612750008e-01
-9.559656610154502188e-01
-9.477144316935415258e-01
-9.387755885714508253e-01
-9.291556172229785693e-01
-9.188614974142180758e-01
-9.079006980393899973e-01
-8.962811717017873381e-01
-8.840113489437703143e-01
-8.711001321299880473e-01
-8.575568889882722035e-01
-8.433914458128861646e-01
-8.286140803350618977e-01
-8.132355142659943859e-01
-7.972669055177116215e-01
-7.807198401074546545e-01
-7.636063237514476576e-01
-7.459387731541561317e-01
-7.277300069993515308e-01
-7.089932366495232952e-01
-6.897420565603759046e-01
-6.699904344173824855e-01
-6.497527010015315962e-01
-6.290435397916402938e-01
-6.078779763107572398e-01
-5.862713672244057594e-01
-5.642393891985572063e-01
-5.417980275254370426e-01
-5.189635645253984908e-01
-4.957525677332966230e-01
-4.721818778779156012e-01
-4.482685966631904106e-01
-4.240300743600671773e-01
-3.994838972180275727e-01
-3.746478747053866853e-01
-3.495400265876474899e-01
-3.241785698532611004e-01
-2.985819054963050334e-01
-2.727686051656434962e-01
-2.467573976902819044e-01
-2.205671554906664944e-01
-1.942168808858143747e-01
-1.677256923061823668e-01
-1.411128104223048074e-01
-1.143975441992373665e-01
-8.759927688695264003e-02
-6.073745195682450637e-02
-3.383155899443276299e-02
-6.901119558895603238e-03
2.003432698098213047e-02
4.695523762349675112e-02
7.384207991345512201e-02
1.006753461139462680e-01
1.274355673601644534e-01
1.541033277850427652e-01
1.806592786064201150e-01
2.070841521655488737e-01
2.333587759067294598e-01
2.594640862879567522e-01
2.853811426124581718e-01
3.110911407711146048e-01
3.365754268857673592e-01
3.618155108435378575e-01
3.867930797123146358e-01
4.114900110276998868e-01
4.358883859417493345e-01
4.599705022239910512e-01
4.837188871052648387e-01
5.071163099550887177e-01
5.301457947833294604e-01
5.527906325571306789e-01
